{
 "cells": [
  {
   "cell_type": "code",
   "execution_count": 1,
   "metadata": {
    "collapsed": true,
    "ExecuteTime": {
     "end_time": "2023-06-15T13:46:44.207465200Z",
     "start_time": "2023-06-15T13:46:43.775323200Z"
    }
   },
   "outputs": [],
   "source": [
    "import pandas as pd\n",
    "from sklearn import linear_model\n",
    "import sklearn as sklearn\n",
    "import sklearn\n",
    "import seaborn as sns\n",
    "import os\n",
    "import Data_Cleaning as dc\n",
    "import pickle\n",
    "import matplotlib.pyplot as plt\n",
    "from matplotlib import pyplot as plt\n",
    "import time\n",
    "\n",
    "\n",
    "\n",
    "%matplotlib inline"
   ]
  },
  {
   "cell_type": "code",
   "execution_count": 2,
   "outputs": [
    {
     "data": {
      "text/plain": "(13908, 25)"
     },
     "execution_count": 2,
     "metadata": {},
     "output_type": "execute_result"
    }
   ],
   "source": [
    "file_path = \"DataBaseVar\"\n",
    "list_files = os.listdir(file_path)\n",
    "dataBase = pd.read_csv(f\"{file_path}/{list_files[-1]}\")\n",
    "dataBase.shape"
   ],
   "metadata": {
    "collapsed": false,
    "ExecuteTime": {
     "end_time": "2023-06-15T13:46:46.933722900Z",
     "start_time": "2023-06-15T13:46:46.741177Z"
    }
   }
  },
  {
   "cell_type": "code",
   "execution_count": 3,
   "outputs": [
    {
     "name": "stderr",
     "output_type": "stream",
     "text": [
      "C:\\Users\\agran\\AppData\\Local\\Temp\\ipykernel_2260\\2164990223.py:1: FutureWarning: The default value of numeric_only in DataFrame.corr is deprecated. In a future version, it will default to False. Select only valid columns or specify the value of numeric_only to silence this warning.\n",
      "  dataBase.corr()\n"
     ]
    },
    {
     "data": {
      "text/plain": "                      Annual Salary  Experience  Education  Position  \\\nAnnual Salary              1.000000    0.242727   0.005979  0.088096   \nExperience                 0.242727    1.000000  -0.015018  0.114482   \nEducation                  0.005979   -0.015018   1.000000  0.311862   \nPosition                   0.088096    0.114482   0.311862  1.000000   \nRating                     0.101627    0.031131   0.008502 -0.034094   \nIs Remote                  0.089173    0.068283   0.022649 -0.001207   \nCompany Old               -0.114018   -0.059592  -0.031212  0.025818   \nFounded                    0.108575    0.019179  -0.056117  0.088516   \nCareer Opportunities       0.131730    0.040319   0.010932 -0.046359   \nComp & Benefits            0.202742    0.062629   0.004300 -0.016130   \nCulture & Values           0.104852    0.032702   0.009836 -0.005937   \nSenior Management          0.079263    0.034421   0.019993 -0.047221   \nWork Life Balance          0.071080    0.031317   0.010250 -0.010447   \nScale_Company_Size         0.049570    0.000186  -0.042928  0.050611   \nScale_Revenue              0.088384    0.004238  -0.018246  0.060250   \n\n                        Rating  Is Remote  Company Old   Founded  \\\nAnnual Salary         0.101627   0.089173    -0.114018  0.108575   \nExperience            0.031131   0.068283    -0.059592  0.019179   \nEducation             0.008502   0.022649    -0.031212 -0.056117   \nPosition             -0.034094  -0.001207     0.025818  0.088516   \nRating                1.000000   0.036691    -0.037070  0.011689   \nIs Remote             0.036691   1.000000    -0.089663 -0.105403   \nCompany Old          -0.037070  -0.089663     1.000000 -0.042873   \nFounded               0.011689  -0.105403    -0.042873  1.000000   \nCareer Opportunities  0.800790   0.042288    -0.064444  0.030074   \nComp & Benefits       0.729157   0.037085    -0.096235  0.069078   \nCulture & Values      0.856517   0.031550    -0.065640  0.027623   \nSenior Management     0.839554   0.057775    -0.101800 -0.033257   \nWork Life Balance     0.743682   0.053127    -0.082012 -0.016208   \nScale_Company_Size   -0.087852  -0.091863     0.458664 -0.023125   \nScale_Revenue        -0.067925  -0.061226     0.298719 -0.006772   \n\n                      Career Opportunities  Comp & Benefits  Culture & Values  \\\nAnnual Salary                     0.131730         0.202742          0.104852   \nExperience                        0.040319         0.062629          0.032702   \nEducation                         0.010932         0.004300          0.009836   \nPosition                         -0.046359        -0.016130         -0.005937   \nRating                            0.800790         0.729157          0.856517   \nIs Remote                         0.042288         0.037085          0.031550   \nCompany Old                      -0.064444        -0.096235         -0.065640   \nFounded                           0.030074         0.069078          0.027623   \nCareer Opportunities              1.000000         0.762980          0.833129   \nComp & Benefits                   0.762980         1.000000          0.735417   \nCulture & Values                  0.833129         0.735417          1.000000   \nSenior Management                 0.851560         0.713948          0.898819   \nWork Life Balance                 0.669787         0.629151          0.801652   \nScale_Company_Size               -0.083756        -0.048964         -0.107121   \nScale_Revenue                    -0.056912         0.006314         -0.071260   \n\n                      Senior Management  Work Life Balance  \\\nAnnual Salary                  0.079263           0.071080   \nExperience                     0.034421           0.031317   \nEducation                      0.019993           0.010250   \nPosition                      -0.047221          -0.010447   \nRating                         0.839554           0.743682   \nIs Remote                      0.057775           0.053127   \nCompany Old                   -0.101800          -0.082012   \nFounded                       -0.033257          -0.016208   \nCareer Opportunities           0.851560           0.669787   \nComp & Benefits                0.713948           0.629151   \nCulture & Values               0.898819           0.801652   \nSenior Management              1.000000           0.773694   \nWork Life Balance              0.773694           1.000000   \nScale_Company_Size            -0.189237          -0.163818   \nScale_Revenue                 -0.129063          -0.114244   \n\n                      Scale_Company_Size  Scale_Revenue  \nAnnual Salary                   0.049570       0.088384  \nExperience                      0.000186       0.004238  \nEducation                      -0.042928      -0.018246  \nPosition                        0.050611       0.060250  \nRating                         -0.087852      -0.067925  \nIs Remote                      -0.091863      -0.061226  \nCompany Old                     0.458664       0.298719  \nFounded                        -0.023125      -0.006772  \nCareer Opportunities           -0.083756      -0.056912  \nComp & Benefits                -0.048964       0.006314  \nCulture & Values               -0.107121      -0.071260  \nSenior Management              -0.189237      -0.129063  \nWork Life Balance              -0.163818      -0.114244  \nScale_Company_Size              1.000000       0.626218  \nScale_Revenue                   0.626218       1.000000  ",
      "text/html": "<div>\n<style scoped>\n    .dataframe tbody tr th:only-of-type {\n        vertical-align: middle;\n    }\n\n    .dataframe tbody tr th {\n        vertical-align: top;\n    }\n\n    .dataframe thead th {\n        text-align: right;\n    }\n</style>\n<table border=\"1\" class=\"dataframe\">\n  <thead>\n    <tr style=\"text-align: right;\">\n      <th></th>\n      <th>Annual Salary</th>\n      <th>Experience</th>\n      <th>Education</th>\n      <th>Position</th>\n      <th>Rating</th>\n      <th>Is Remote</th>\n      <th>Company Old</th>\n      <th>Founded</th>\n      <th>Career Opportunities</th>\n      <th>Comp &amp; Benefits</th>\n      <th>Culture &amp; Values</th>\n      <th>Senior Management</th>\n      <th>Work Life Balance</th>\n      <th>Scale_Company_Size</th>\n      <th>Scale_Revenue</th>\n    </tr>\n  </thead>\n  <tbody>\n    <tr>\n      <th>Annual Salary</th>\n      <td>1.000000</td>\n      <td>0.242727</td>\n      <td>0.005979</td>\n      <td>0.088096</td>\n      <td>0.101627</td>\n      <td>0.089173</td>\n      <td>-0.114018</td>\n      <td>0.108575</td>\n      <td>0.131730</td>\n      <td>0.202742</td>\n      <td>0.104852</td>\n      <td>0.079263</td>\n      <td>0.071080</td>\n      <td>0.049570</td>\n      <td>0.088384</td>\n    </tr>\n    <tr>\n      <th>Experience</th>\n      <td>0.242727</td>\n      <td>1.000000</td>\n      <td>-0.015018</td>\n      <td>0.114482</td>\n      <td>0.031131</td>\n      <td>0.068283</td>\n      <td>-0.059592</td>\n      <td>0.019179</td>\n      <td>0.040319</td>\n      <td>0.062629</td>\n      <td>0.032702</td>\n      <td>0.034421</td>\n      <td>0.031317</td>\n      <td>0.000186</td>\n      <td>0.004238</td>\n    </tr>\n    <tr>\n      <th>Education</th>\n      <td>0.005979</td>\n      <td>-0.015018</td>\n      <td>1.000000</td>\n      <td>0.311862</td>\n      <td>0.008502</td>\n      <td>0.022649</td>\n      <td>-0.031212</td>\n      <td>-0.056117</td>\n      <td>0.010932</td>\n      <td>0.004300</td>\n      <td>0.009836</td>\n      <td>0.019993</td>\n      <td>0.010250</td>\n      <td>-0.042928</td>\n      <td>-0.018246</td>\n    </tr>\n    <tr>\n      <th>Position</th>\n      <td>0.088096</td>\n      <td>0.114482</td>\n      <td>0.311862</td>\n      <td>1.000000</td>\n      <td>-0.034094</td>\n      <td>-0.001207</td>\n      <td>0.025818</td>\n      <td>0.088516</td>\n      <td>-0.046359</td>\n      <td>-0.016130</td>\n      <td>-0.005937</td>\n      <td>-0.047221</td>\n      <td>-0.010447</td>\n      <td>0.050611</td>\n      <td>0.060250</td>\n    </tr>\n    <tr>\n      <th>Rating</th>\n      <td>0.101627</td>\n      <td>0.031131</td>\n      <td>0.008502</td>\n      <td>-0.034094</td>\n      <td>1.000000</td>\n      <td>0.036691</td>\n      <td>-0.037070</td>\n      <td>0.011689</td>\n      <td>0.800790</td>\n      <td>0.729157</td>\n      <td>0.856517</td>\n      <td>0.839554</td>\n      <td>0.743682</td>\n      <td>-0.087852</td>\n      <td>-0.067925</td>\n    </tr>\n    <tr>\n      <th>Is Remote</th>\n      <td>0.089173</td>\n      <td>0.068283</td>\n      <td>0.022649</td>\n      <td>-0.001207</td>\n      <td>0.036691</td>\n      <td>1.000000</td>\n      <td>-0.089663</td>\n      <td>-0.105403</td>\n      <td>0.042288</td>\n      <td>0.037085</td>\n      <td>0.031550</td>\n      <td>0.057775</td>\n      <td>0.053127</td>\n      <td>-0.091863</td>\n      <td>-0.061226</td>\n    </tr>\n    <tr>\n      <th>Company Old</th>\n      <td>-0.114018</td>\n      <td>-0.059592</td>\n      <td>-0.031212</td>\n      <td>0.025818</td>\n      <td>-0.037070</td>\n      <td>-0.089663</td>\n      <td>1.000000</td>\n      <td>-0.042873</td>\n      <td>-0.064444</td>\n      <td>-0.096235</td>\n      <td>-0.065640</td>\n      <td>-0.101800</td>\n      <td>-0.082012</td>\n      <td>0.458664</td>\n      <td>0.298719</td>\n    </tr>\n    <tr>\n      <th>Founded</th>\n      <td>0.108575</td>\n      <td>0.019179</td>\n      <td>-0.056117</td>\n      <td>0.088516</td>\n      <td>0.011689</td>\n      <td>-0.105403</td>\n      <td>-0.042873</td>\n      <td>1.000000</td>\n      <td>0.030074</td>\n      <td>0.069078</td>\n      <td>0.027623</td>\n      <td>-0.033257</td>\n      <td>-0.016208</td>\n      <td>-0.023125</td>\n      <td>-0.006772</td>\n    </tr>\n    <tr>\n      <th>Career Opportunities</th>\n      <td>0.131730</td>\n      <td>0.040319</td>\n      <td>0.010932</td>\n      <td>-0.046359</td>\n      <td>0.800790</td>\n      <td>0.042288</td>\n      <td>-0.064444</td>\n      <td>0.030074</td>\n      <td>1.000000</td>\n      <td>0.762980</td>\n      <td>0.833129</td>\n      <td>0.851560</td>\n      <td>0.669787</td>\n      <td>-0.083756</td>\n      <td>-0.056912</td>\n    </tr>\n    <tr>\n      <th>Comp &amp; Benefits</th>\n      <td>0.202742</td>\n      <td>0.062629</td>\n      <td>0.004300</td>\n      <td>-0.016130</td>\n      <td>0.729157</td>\n      <td>0.037085</td>\n      <td>-0.096235</td>\n      <td>0.069078</td>\n      <td>0.762980</td>\n      <td>1.000000</td>\n      <td>0.735417</td>\n      <td>0.713948</td>\n      <td>0.629151</td>\n      <td>-0.048964</td>\n      <td>0.006314</td>\n    </tr>\n    <tr>\n      <th>Culture &amp; Values</th>\n      <td>0.104852</td>\n      <td>0.032702</td>\n      <td>0.009836</td>\n      <td>-0.005937</td>\n      <td>0.856517</td>\n      <td>0.031550</td>\n      <td>-0.065640</td>\n      <td>0.027623</td>\n      <td>0.833129</td>\n      <td>0.735417</td>\n      <td>1.000000</td>\n      <td>0.898819</td>\n      <td>0.801652</td>\n      <td>-0.107121</td>\n      <td>-0.071260</td>\n    </tr>\n    <tr>\n      <th>Senior Management</th>\n      <td>0.079263</td>\n      <td>0.034421</td>\n      <td>0.019993</td>\n      <td>-0.047221</td>\n      <td>0.839554</td>\n      <td>0.057775</td>\n      <td>-0.101800</td>\n      <td>-0.033257</td>\n      <td>0.851560</td>\n      <td>0.713948</td>\n      <td>0.898819</td>\n      <td>1.000000</td>\n      <td>0.773694</td>\n      <td>-0.189237</td>\n      <td>-0.129063</td>\n    </tr>\n    <tr>\n      <th>Work Life Balance</th>\n      <td>0.071080</td>\n      <td>0.031317</td>\n      <td>0.010250</td>\n      <td>-0.010447</td>\n      <td>0.743682</td>\n      <td>0.053127</td>\n      <td>-0.082012</td>\n      <td>-0.016208</td>\n      <td>0.669787</td>\n      <td>0.629151</td>\n      <td>0.801652</td>\n      <td>0.773694</td>\n      <td>1.000000</td>\n      <td>-0.163818</td>\n      <td>-0.114244</td>\n    </tr>\n    <tr>\n      <th>Scale_Company_Size</th>\n      <td>0.049570</td>\n      <td>0.000186</td>\n      <td>-0.042928</td>\n      <td>0.050611</td>\n      <td>-0.087852</td>\n      <td>-0.091863</td>\n      <td>0.458664</td>\n      <td>-0.023125</td>\n      <td>-0.083756</td>\n      <td>-0.048964</td>\n      <td>-0.107121</td>\n      <td>-0.189237</td>\n      <td>-0.163818</td>\n      <td>1.000000</td>\n      <td>0.626218</td>\n    </tr>\n    <tr>\n      <th>Scale_Revenue</th>\n      <td>0.088384</td>\n      <td>0.004238</td>\n      <td>-0.018246</td>\n      <td>0.060250</td>\n      <td>-0.067925</td>\n      <td>-0.061226</td>\n      <td>0.298719</td>\n      <td>-0.006772</td>\n      <td>-0.056912</td>\n      <td>0.006314</td>\n      <td>-0.071260</td>\n      <td>-0.129063</td>\n      <td>-0.114244</td>\n      <td>0.626218</td>\n      <td>1.000000</td>\n    </tr>\n  </tbody>\n</table>\n</div>"
     },
     "execution_count": 3,
     "metadata": {},
     "output_type": "execute_result"
    }
   ],
   "source": [
    "dataBase.corr()"
   ],
   "metadata": {
    "collapsed": false,
    "ExecuteTime": {
     "end_time": "2023-06-15T13:46:48.021177Z",
     "start_time": "2023-06-15T13:46:47.923773800Z"
    }
   }
  },
  {
   "cell_type": "markdown",
   "source": [
    "# Filling missing experience"
   ],
   "metadata": {
    "collapsed": false
   }
  },
  {
   "cell_type": "code",
   "execution_count": 4,
   "outputs": [
    {
     "name": "stdout",
     "output_type": "stream",
     "text": [
      "(13908, 25)\n"
     ]
    }
   ],
   "source": [
    "dataBase = dc.fill_experience(dataBase)\n",
    "print(dataBase.shape)"
   ],
   "metadata": {
    "collapsed": false,
    "ExecuteTime": {
     "end_time": "2023-06-15T13:46:53.142412800Z",
     "start_time": "2023-06-15T13:46:50.009226200Z"
    }
   }
  },
  {
   "cell_type": "code",
   "execution_count": 5,
   "outputs": [
    {
     "name": "stderr",
     "output_type": "stream",
     "text": [
      "C:\\Users\\agran\\AppData\\Local\\Temp\\ipykernel_2260\\2164990223.py:1: FutureWarning: The default value of numeric_only in DataFrame.corr is deprecated. In a future version, it will default to False. Select only valid columns or specify the value of numeric_only to silence this warning.\n",
      "  dataBase.corr()\n"
     ]
    },
    {
     "data": {
      "text/plain": "                      Annual Salary  Experience  Education  Position  \\\nAnnual Salary              1.000000    0.435237   0.005979  0.088096   \nExperience                 0.435237    1.000000   0.118312  0.173019   \nEducation                  0.005979    0.118312   1.000000  0.311862   \nPosition                   0.088096    0.173019   0.311862  1.000000   \nRating                     0.101627    0.052405   0.008502 -0.034094   \nIs Remote                  0.089173    0.053717   0.022649 -0.001207   \nCompany Old               -0.114018   -0.059818  -0.031212  0.025818   \nFounded                    0.108575    0.040819  -0.056117  0.088516   \nCareer Opportunities       0.131730    0.069498   0.010932 -0.046359   \nComp & Benefits            0.202742    0.102675   0.004300 -0.016130   \nCulture & Values           0.104852    0.053136   0.009836 -0.005937   \nSenior Management          0.079263    0.052412   0.019993 -0.047221   \nWork Life Balance          0.071080    0.049126   0.010250 -0.010447   \nScale_Company_Size         0.049570    0.019191  -0.042928  0.050611   \nScale_Revenue              0.088384    0.022990  -0.018246  0.060250   \n\n                        Rating  Is Remote  Company Old   Founded  \\\nAnnual Salary         0.101627   0.089173    -0.114018  0.108575   \nExperience            0.052405   0.053717    -0.059818  0.040819   \nEducation             0.008502   0.022649    -0.031212 -0.056117   \nPosition             -0.034094  -0.001207     0.025818  0.088516   \nRating                1.000000   0.036691    -0.037070  0.011689   \nIs Remote             0.036691   1.000000    -0.089663 -0.105403   \nCompany Old          -0.037070  -0.089663     1.000000 -0.042873   \nFounded               0.011689  -0.105403    -0.042873  1.000000   \nCareer Opportunities  0.800790   0.042288    -0.064444  0.030074   \nComp & Benefits       0.729157   0.037085    -0.096235  0.069078   \nCulture & Values      0.856517   0.031550    -0.065640  0.027623   \nSenior Management     0.839554   0.057775    -0.101800 -0.033257   \nWork Life Balance     0.743682   0.053127    -0.082012 -0.016208   \nScale_Company_Size   -0.087852  -0.091863     0.458664 -0.023125   \nScale_Revenue        -0.067925  -0.061226     0.298719 -0.006772   \n\n                      Career Opportunities  Comp & Benefits  Culture & Values  \\\nAnnual Salary                     0.131730         0.202742          0.104852   \nExperience                        0.069498         0.102675          0.053136   \nEducation                         0.010932         0.004300          0.009836   \nPosition                         -0.046359        -0.016130         -0.005937   \nRating                            0.800790         0.729157          0.856517   \nIs Remote                         0.042288         0.037085          0.031550   \nCompany Old                      -0.064444        -0.096235         -0.065640   \nFounded                           0.030074         0.069078          0.027623   \nCareer Opportunities              1.000000         0.762980          0.833129   \nComp & Benefits                   0.762980         1.000000          0.735417   \nCulture & Values                  0.833129         0.735417          1.000000   \nSenior Management                 0.851560         0.713948          0.898819   \nWork Life Balance                 0.669787         0.629151          0.801652   \nScale_Company_Size               -0.083756        -0.048964         -0.107121   \nScale_Revenue                    -0.056912         0.006314         -0.071260   \n\n                      Senior Management  Work Life Balance  \\\nAnnual Salary                  0.079263           0.071080   \nExperience                     0.052412           0.049126   \nEducation                      0.019993           0.010250   \nPosition                      -0.047221          -0.010447   \nRating                         0.839554           0.743682   \nIs Remote                      0.057775           0.053127   \nCompany Old                   -0.101800          -0.082012   \nFounded                       -0.033257          -0.016208   \nCareer Opportunities           0.851560           0.669787   \nComp & Benefits                0.713948           0.629151   \nCulture & Values               0.898819           0.801652   \nSenior Management              1.000000           0.773694   \nWork Life Balance              0.773694           1.000000   \nScale_Company_Size            -0.189237          -0.163818   \nScale_Revenue                 -0.129063          -0.114244   \n\n                      Scale_Company_Size  Scale_Revenue  \nAnnual Salary                   0.049570       0.088384  \nExperience                      0.019191       0.022990  \nEducation                      -0.042928      -0.018246  \nPosition                        0.050611       0.060250  \nRating                         -0.087852      -0.067925  \nIs Remote                      -0.091863      -0.061226  \nCompany Old                     0.458664       0.298719  \nFounded                        -0.023125      -0.006772  \nCareer Opportunities           -0.083756      -0.056912  \nComp & Benefits                -0.048964       0.006314  \nCulture & Values               -0.107121      -0.071260  \nSenior Management              -0.189237      -0.129063  \nWork Life Balance              -0.163818      -0.114244  \nScale_Company_Size              1.000000       0.626218  \nScale_Revenue                   0.626218       1.000000  ",
      "text/html": "<div>\n<style scoped>\n    .dataframe tbody tr th:only-of-type {\n        vertical-align: middle;\n    }\n\n    .dataframe tbody tr th {\n        vertical-align: top;\n    }\n\n    .dataframe thead th {\n        text-align: right;\n    }\n</style>\n<table border=\"1\" class=\"dataframe\">\n  <thead>\n    <tr style=\"text-align: right;\">\n      <th></th>\n      <th>Annual Salary</th>\n      <th>Experience</th>\n      <th>Education</th>\n      <th>Position</th>\n      <th>Rating</th>\n      <th>Is Remote</th>\n      <th>Company Old</th>\n      <th>Founded</th>\n      <th>Career Opportunities</th>\n      <th>Comp &amp; Benefits</th>\n      <th>Culture &amp; Values</th>\n      <th>Senior Management</th>\n      <th>Work Life Balance</th>\n      <th>Scale_Company_Size</th>\n      <th>Scale_Revenue</th>\n    </tr>\n  </thead>\n  <tbody>\n    <tr>\n      <th>Annual Salary</th>\n      <td>1.000000</td>\n      <td>0.435237</td>\n      <td>0.005979</td>\n      <td>0.088096</td>\n      <td>0.101627</td>\n      <td>0.089173</td>\n      <td>-0.114018</td>\n      <td>0.108575</td>\n      <td>0.131730</td>\n      <td>0.202742</td>\n      <td>0.104852</td>\n      <td>0.079263</td>\n      <td>0.071080</td>\n      <td>0.049570</td>\n      <td>0.088384</td>\n    </tr>\n    <tr>\n      <th>Experience</th>\n      <td>0.435237</td>\n      <td>1.000000</td>\n      <td>0.118312</td>\n      <td>0.173019</td>\n      <td>0.052405</td>\n      <td>0.053717</td>\n      <td>-0.059818</td>\n      <td>0.040819</td>\n      <td>0.069498</td>\n      <td>0.102675</td>\n      <td>0.053136</td>\n      <td>0.052412</td>\n      <td>0.049126</td>\n      <td>0.019191</td>\n      <td>0.022990</td>\n    </tr>\n    <tr>\n      <th>Education</th>\n      <td>0.005979</td>\n      <td>0.118312</td>\n      <td>1.000000</td>\n      <td>0.311862</td>\n      <td>0.008502</td>\n      <td>0.022649</td>\n      <td>-0.031212</td>\n      <td>-0.056117</td>\n      <td>0.010932</td>\n      <td>0.004300</td>\n      <td>0.009836</td>\n      <td>0.019993</td>\n      <td>0.010250</td>\n      <td>-0.042928</td>\n      <td>-0.018246</td>\n    </tr>\n    <tr>\n      <th>Position</th>\n      <td>0.088096</td>\n      <td>0.173019</td>\n      <td>0.311862</td>\n      <td>1.000000</td>\n      <td>-0.034094</td>\n      <td>-0.001207</td>\n      <td>0.025818</td>\n      <td>0.088516</td>\n      <td>-0.046359</td>\n      <td>-0.016130</td>\n      <td>-0.005937</td>\n      <td>-0.047221</td>\n      <td>-0.010447</td>\n      <td>0.050611</td>\n      <td>0.060250</td>\n    </tr>\n    <tr>\n      <th>Rating</th>\n      <td>0.101627</td>\n      <td>0.052405</td>\n      <td>0.008502</td>\n      <td>-0.034094</td>\n      <td>1.000000</td>\n      <td>0.036691</td>\n      <td>-0.037070</td>\n      <td>0.011689</td>\n      <td>0.800790</td>\n      <td>0.729157</td>\n      <td>0.856517</td>\n      <td>0.839554</td>\n      <td>0.743682</td>\n      <td>-0.087852</td>\n      <td>-0.067925</td>\n    </tr>\n    <tr>\n      <th>Is Remote</th>\n      <td>0.089173</td>\n      <td>0.053717</td>\n      <td>0.022649</td>\n      <td>-0.001207</td>\n      <td>0.036691</td>\n      <td>1.000000</td>\n      <td>-0.089663</td>\n      <td>-0.105403</td>\n      <td>0.042288</td>\n      <td>0.037085</td>\n      <td>0.031550</td>\n      <td>0.057775</td>\n      <td>0.053127</td>\n      <td>-0.091863</td>\n      <td>-0.061226</td>\n    </tr>\n    <tr>\n      <th>Company Old</th>\n      <td>-0.114018</td>\n      <td>-0.059818</td>\n      <td>-0.031212</td>\n      <td>0.025818</td>\n      <td>-0.037070</td>\n      <td>-0.089663</td>\n      <td>1.000000</td>\n      <td>-0.042873</td>\n      <td>-0.064444</td>\n      <td>-0.096235</td>\n      <td>-0.065640</td>\n      <td>-0.101800</td>\n      <td>-0.082012</td>\n      <td>0.458664</td>\n      <td>0.298719</td>\n    </tr>\n    <tr>\n      <th>Founded</th>\n      <td>0.108575</td>\n      <td>0.040819</td>\n      <td>-0.056117</td>\n      <td>0.088516</td>\n      <td>0.011689</td>\n      <td>-0.105403</td>\n      <td>-0.042873</td>\n      <td>1.000000</td>\n      <td>0.030074</td>\n      <td>0.069078</td>\n      <td>0.027623</td>\n      <td>-0.033257</td>\n      <td>-0.016208</td>\n      <td>-0.023125</td>\n      <td>-0.006772</td>\n    </tr>\n    <tr>\n      <th>Career Opportunities</th>\n      <td>0.131730</td>\n      <td>0.069498</td>\n      <td>0.010932</td>\n      <td>-0.046359</td>\n      <td>0.800790</td>\n      <td>0.042288</td>\n      <td>-0.064444</td>\n      <td>0.030074</td>\n      <td>1.000000</td>\n      <td>0.762980</td>\n      <td>0.833129</td>\n      <td>0.851560</td>\n      <td>0.669787</td>\n      <td>-0.083756</td>\n      <td>-0.056912</td>\n    </tr>\n    <tr>\n      <th>Comp &amp; Benefits</th>\n      <td>0.202742</td>\n      <td>0.102675</td>\n      <td>0.004300</td>\n      <td>-0.016130</td>\n      <td>0.729157</td>\n      <td>0.037085</td>\n      <td>-0.096235</td>\n      <td>0.069078</td>\n      <td>0.762980</td>\n      <td>1.000000</td>\n      <td>0.735417</td>\n      <td>0.713948</td>\n      <td>0.629151</td>\n      <td>-0.048964</td>\n      <td>0.006314</td>\n    </tr>\n    <tr>\n      <th>Culture &amp; Values</th>\n      <td>0.104852</td>\n      <td>0.053136</td>\n      <td>0.009836</td>\n      <td>-0.005937</td>\n      <td>0.856517</td>\n      <td>0.031550</td>\n      <td>-0.065640</td>\n      <td>0.027623</td>\n      <td>0.833129</td>\n      <td>0.735417</td>\n      <td>1.000000</td>\n      <td>0.898819</td>\n      <td>0.801652</td>\n      <td>-0.107121</td>\n      <td>-0.071260</td>\n    </tr>\n    <tr>\n      <th>Senior Management</th>\n      <td>0.079263</td>\n      <td>0.052412</td>\n      <td>0.019993</td>\n      <td>-0.047221</td>\n      <td>0.839554</td>\n      <td>0.057775</td>\n      <td>-0.101800</td>\n      <td>-0.033257</td>\n      <td>0.851560</td>\n      <td>0.713948</td>\n      <td>0.898819</td>\n      <td>1.000000</td>\n      <td>0.773694</td>\n      <td>-0.189237</td>\n      <td>-0.129063</td>\n    </tr>\n    <tr>\n      <th>Work Life Balance</th>\n      <td>0.071080</td>\n      <td>0.049126</td>\n      <td>0.010250</td>\n      <td>-0.010447</td>\n      <td>0.743682</td>\n      <td>0.053127</td>\n      <td>-0.082012</td>\n      <td>-0.016208</td>\n      <td>0.669787</td>\n      <td>0.629151</td>\n      <td>0.801652</td>\n      <td>0.773694</td>\n      <td>1.000000</td>\n      <td>-0.163818</td>\n      <td>-0.114244</td>\n    </tr>\n    <tr>\n      <th>Scale_Company_Size</th>\n      <td>0.049570</td>\n      <td>0.019191</td>\n      <td>-0.042928</td>\n      <td>0.050611</td>\n      <td>-0.087852</td>\n      <td>-0.091863</td>\n      <td>0.458664</td>\n      <td>-0.023125</td>\n      <td>-0.083756</td>\n      <td>-0.048964</td>\n      <td>-0.107121</td>\n      <td>-0.189237</td>\n      <td>-0.163818</td>\n      <td>1.000000</td>\n      <td>0.626218</td>\n    </tr>\n    <tr>\n      <th>Scale_Revenue</th>\n      <td>0.088384</td>\n      <td>0.022990</td>\n      <td>-0.018246</td>\n      <td>0.060250</td>\n      <td>-0.067925</td>\n      <td>-0.061226</td>\n      <td>0.298719</td>\n      <td>-0.006772</td>\n      <td>-0.056912</td>\n      <td>0.006314</td>\n      <td>-0.071260</td>\n      <td>-0.129063</td>\n      <td>-0.114244</td>\n      <td>0.626218</td>\n      <td>1.000000</td>\n    </tr>\n  </tbody>\n</table>\n</div>"
     },
     "execution_count": 5,
     "metadata": {},
     "output_type": "execute_result"
    }
   ],
   "source": [
    "dataBase.corr()"
   ],
   "metadata": {
    "collapsed": false,
    "ExecuteTime": {
     "end_time": "2023-06-15T13:46:53.235153500Z",
     "start_time": "2023-06-15T13:46:53.144338400Z"
    }
   }
  },
  {
   "cell_type": "code",
   "execution_count": 6,
   "outputs": [],
   "source": [
    "df_copy = dataBase.copy()"
   ],
   "metadata": {
    "collapsed": false,
    "ExecuteTime": {
     "end_time": "2023-06-15T13:46:55.158751100Z",
     "start_time": "2023-06-15T13:46:55.119480600Z"
    }
   }
  },
  {
   "cell_type": "code",
   "execution_count": 7,
   "outputs": [
    {
     "name": "stderr",
     "output_type": "stream",
     "text": [
      "C:\\Users\\agran\\AppData\\Local\\Temp\\ipykernel_2260\\337850776.py:1: FutureWarning: The default value of numeric_only in DataFrame.corr is deprecated. In a future version, it will default to False. Select only valid columns or specify the value of numeric_only to silence this warning.\n",
      "  correlation_matrix = df_copy.corr()\n"
     ]
    },
    {
     "data": {
      "text/plain": "<Figure size 2000x500 with 1 Axes>",
